' 11111111111111. 111
1111ιί11111111011111111111111111,1111111111

probo}

111 111111 nantillam ,1111111111 111111111111·
1111 1111111111.

1111111111 111111 11111111 1111 11111 111 pro
1111111111. , 11

.1 1151111111, Tum 1111111111 1111111111...
ca 11111111111111

unumquidque 11111111 111111113111, 1111111111
11111.

11 111111111111111111111 intendam 11111111 11
nonem

1111111 11 1111111111 et 1111111111

11111 porta 11111111 1111111111· 11 11111111 1111-

1111111111ς11

1111 11111111111111111111111111111111 11111111,

1111 quoi 1111111 sperat. 11 1111111111 1111111
1111111, 01111111.

11 Ν111 tu 111 intro, Pistoclere, 11 1111111.
1111, 11111 11111 cito..

11 Quid! 1111111111, 111111,11111111,1111111.
1111111111 111 erunt.

11111 11111111111111111111111111111111.111
0111111 1111111111 , 11

111111 111111 fitque 111111 1111111 tecum 111111.

ffl- 8111111111. 1111111111 numa 111111
1111 11111111111111.

11111111ῑέ ἷωῖιίᾱωποω ,111 11111111. 111111
011 111

⁰¹² Qfl 111 law} 111111. 1111, 1111111111
1111. 111 11111111111111111

11111 matum! mm 11111 id 1111111111 111 1111
ita 1111 11111111. ⁸⁵

 

